[[1618659464.581401, 101400,
      [[2.6639020442962646, 2.7043766339619952, 4.0], [2.7043766339619952, 2.7448512236277263, 4.0],
       [2.7448512236277263, 2.785325813293457, 4.0], [2.785325813293457, 2.825800402959188, 6.0],
       [2.825800402959188, 2.8662749926249185, 9.0], [2.8662749926249185, 2.9067495822906495, 20.0],
       [2.9067495822906495, 2.94722417195638, 25.0], [2.94722417195638, 2.987698761622111, 30.0],
       [2.987698761622111, 3.0281733512878417, 35.0], [3.0281733512878417, 3.0686479409535727, 49.0],
       [3.0686479409535727, 3.1091225306193033, 73.0], [3.1091225306193033, 3.1495971202850344, 73.0],
       [3.1495971202850344, 3.190071709950765, 91.0], [3.190071709950765, 3.2305462996164955, 88.0],
       [3.2305462996164955, 3.2710208892822266, 110.0], [3.2710208892822266, 3.3114954789479576, 123.0],
       [3.3114954789479576, 3.351970068613688, 137.0], [3.351970068613688, 3.3924446582794188, 114.0],
       [3.3924446582794188, 3.43291924794515, 151.0], [3.43291924794515, 3.473393837610881, 140.0],
       [3.473393837610881, 3.5138684272766114, 156.0], [3.5138684272766114, 3.554343016942342, 156.0],
       [3.554343016942342, 3.594817606608073, 134.0], [3.594817606608073, 3.6352921962738036, 122.0],
       [3.6352921962738036, 3.675766785939534, 79.0], [3.675766785939534, 3.7162413756052652, 61.0],
       [3.7162413756052652, 3.7567159652709963, 29.0], [3.7567159652709963, 3.797190554936727, 14.0],
       [3.797190554936727, 3.8376651446024574, 6.0], [3.8376651446024574, 3.8781397342681885, 5.0]]],
     [1618660372.620329, 188200,
      [[2.8527345657348633, 2.9584946791330973, 8.0], [2.9584946791330973, 3.0642547925313313, 16.0],
       [3.0642547925313313, 3.1700149059295653, 53.0], [3.1700149059295653, 3.2757750193277992, 94.0],
       [3.2757750193277992, 3.3815351327260332, 83.0], [3.3815351327260332, 3.4872952461242677, 97.0],
       [3.4872952461242677, 3.5930553595225017, 131.0], [3.5930553595225017, 3.6988154729207356, 111.0],
       [3.6988154729207356, 3.8045755863189696, 172.0], [3.8045755863189696, 3.9103356997172036, 206.0],
       [3.9103356997172036, 4.016095813115438, 284.0], [4.016095813115438, 4.121855926513672, 275.0],
       [4.121855926513672, 4.227616039911906, 242.0], [4.227616039911906, 4.33337615331014, 127.0],
       [4.33337615331014, 4.439136266708374, 56.0], [4.439136266708374, 4.544896380106608, 35.0],
       [4.544896380106608, 4.650656493504842, 15.0], [4.650656493504842, 4.756416606903076, 13.0],
       [4.756416606903076, 4.86217672030131, 10.0], [4.86217672030131, 4.967936833699544, 3.0],
       [4.967936833699544, 5.073696947097778, 3.0], [5.073696947097778, 5.179457060496013, 3.0],
       [5.179457060496013, 5.285217173894246, 3.0], [5.285217173894246, 5.390977287292481, 1.0],
       [5.390977287292481, 5.496737400690714, 4.0], [5.496737400690714, 5.602497514088949, 1.0],
       [5.602497514088949, 5.708257627487182, 0.0], [5.708257627487182, 5.814017740885417, 0.0],
       [5.814017740885417, 5.919777854283651, 1.0], [5.919777854283651, 6.025537967681885, 1.0]]],
     [1618661104.439215, 258200,
      [[0.7684322595596313, 1.2461743076642353, 2.0], [1.2461743076642353, 1.7239163557688395, 39.0],
       [1.7239163557688395, 2.2016584038734437, 221.0], [2.2016584038734437, 2.6794004519780477, 354.0],
       [2.6794004519780477, 3.1571425000826516, 964.0], [3.1571425000826516, 3.634884548187256, 271.0],
       [3.634884548187256, 4.11262659629186, 73.0], [4.11262659629186, 4.590368644396464, 39.0],
       [4.590368644396464, 5.068110692501068, 24.0], [5.068110692501068, 5.545852740605672, 19.0],
       [5.545852740605672, 6.023594788710276, 12.0], [6.023594788710276, 6.501336836814881, 4.0],
       [6.501336836814881, 6.979078884919485, 10.0], [6.979078884919485, 7.456820933024089, 2.0],
       [7.456820933024089, 7.934562981128693, 1.0], [7.934562981128693, 8.412305029233297, 2.0],
       [8.412305029233297, 8.8900470773379, 2.0], [8.8900470773379, 9.367789125442505, 4.0],
       [9.367789125442505, 9.845531173547108, 0.0], [9.845531173547108, 10.323273221651712, 2.0],
       [10.323273221651712, 10.801015269756316, 0.0], [10.801015269756316, 11.27875731786092, 1.0],
       [11.27875731786092, 11.756499365965524, 1.0], [11.756499365965524, 12.23424141407013, 0.0],
       [12.23424141407013, 12.711983462174734, 0.0], [12.711983462174734, 13.189725510279338, 0.0],
       [13.189725510279338, 13.667467558383942, 0.0], [13.667467558383942, 14.145209606488546, 0.0],
       [14.145209606488546, 14.62295165459315, 0.0], [14.62295165459315, 15.100693702697754, 1.0]]],
     [1618661159.27752, 263400,
      [[0.2719838619232178, 0.6635955095291137, 1.0], [0.6635955095291137, 1.0552071571350097, 1.0],
       [1.0552071571350097, 1.4468188047409059, 5.0], [1.4468188047409059, 1.8384304523468018, 134.0],
       [1.8384304523468018, 2.2300420999526978, 217.0], [2.2300420999526978, 2.621653747558594, 241.0],
       [2.621653747558594, 3.0132653951644897, 439.0], [3.0132653951644897, 3.404877042770386, 742.0],
       [3.404877042770386, 3.796488690376282, 109.0], [3.796488690376282, 4.188100337982178, 47.0],
       [4.188100337982178, 4.579711985588074, 22.0], [4.579711985588074, 4.97132363319397, 21.0],
       [4.97132363319397, 5.362935280799866, 13.0], [5.362935280799866, 5.7545469284057615, 6.0],
       [5.7545469284057615, 6.146158576011658, 5.0], [6.146158576011658, 6.537770223617554, 9.0],
       [6.537770223617554, 6.92938187122345, 6.0], [6.92938187122345, 7.320993518829346, 5.0],
       [7.320993518829346, 7.7126051664352415, 5.0], [7.7126051664352415, 8.104216814041138, 2.0],
       [8.104216814041138, 8.495828461647035, 6.0], [8.495828461647035, 8.88744010925293, 2.0],
       [8.88744010925293, 9.279051756858825, 1.0], [9.279051756858825, 9.670663404464722, 3.0],
       [9.670663404464722, 10.062275052070618, 0.0], [10.062275052070618, 10.453886699676515, 0.0],
       [10.453886699676515, 10.84549834728241, 0.0], [10.84549834728241, 11.237109994888305, 3.0],
       [11.237109994888305, 11.628721642494202, 2.0], [11.628721642494202, 12.020333290100098, 1.0]]],
     [1618661310.199074, 278000,
      [[-0.1389634609222412, 0.3278955856959025, 1.0], [0.3278955856959025, 0.7947546323140462, 3.0],
       [0.7947546323140462, 1.26161367893219, 36.0], [1.26161367893219, 1.7284727255503336, 236.0],
       [1.7284727255503336, 2.195331772168477, 234.0], [2.195331772168477, 2.662190818786621, 291.0],
       [2.662190818786621, 3.129049865404765, 951.0], [3.129049865404765, 3.5959089120229084, 158.0],
       [3.5959089120229084, 4.062767958641052, 47.0], [4.062767958641052, 4.529627005259195, 26.0],
       [4.529627005259195, 4.99648605187734, 17.0], [4.99648605187734, 5.463345098495483, 15.0],
       [5.463345098495483, 5.930204145113627, 8.0], [5.930204145113627, 6.397063191731771, 3.0],
       [6.397063191731771, 6.8639222383499146, 2.0], [6.8639222383499146, 7.330781284968058, 3.0],
       [7.330781284968058, 7.7976403315862015, 1.0], [7.7976403315862015, 8.264499378204345, 2.0],
       [8.264499378204345, 8.731358424822488, 1.0], [8.731358424822488, 9.198217471440632, 1.0],
       [9.198217471440632, 9.665076518058777, 3.0], [9.665076518058777, 10.13193556467692, 1.0],
       [10.13193556467692, 10.598794611295064, 2.0], [10.598794611295064, 11.065653657913208, 1.0],
       [11.065653657913208, 11.532512704531351, 0.0], [11.532512704531351, 11.999371751149495, 2.0],
       [11.999371751149495, 12.466230797767638, 0.0], [12.466230797767638, 12.933089844385783, 0.0],
       [12.933089844385783, 13.399948891003927, 2.0], [13.399948891003927, 13.86680793762207, 1.0]]],
     [1618662214.088886, 364000,
      [[0.29629069566726685, 1.0306929926077526, 108.0], [1.0306929926077526, 1.7650952895482381, 218.0],
       [1.7650952895482381, 2.4994975864887237, 222.0], [2.4994975864887237, 3.2338998834292094, 268.0],
       [3.2338998834292094, 3.968302180369695, 477.0], [3.968302180369695, 4.7027044773101805, 451.0],
       [4.7027044773101805, 5.437106774250666, 171.0], [5.437106774250666, 6.171509071191152, 37.0],
       [6.171509071191152, 6.905911368131638, 16.0], [6.905911368131638, 7.6403136650721235, 13.0],
       [7.6403136650721235, 8.374715962012608, 14.0], [8.374715962012608, 9.109118258953094, 3.0],
       [9.109118258953094, 9.84352055589358, 7.0], [9.84352055589358, 10.577922852834066, 5.0],
       [10.577922852834066, 11.312325149774551, 3.0], [11.312325149774551, 12.046727446715037, 5.0],
       [12.046727446715037, 12.781129743655523, 4.0], [12.781129743655523, 13.515532040596009, 3.0],
       [13.515532040596009, 14.249934337536494, 5.0], [14.249934337536494, 14.98433663447698, 5.0],
       [14.98433663447698, 15.718738931417466, 1.0], [15.718738931417466, 16.45314122835795, 2.0],
       [16.45314122835795, 17.187543525298437, 2.0], [17.187543525298437, 17.92194582223892, 3.0],
       [17.92194582223892, 18.65634811917941, 2.0], [18.65634811917941, 19.390750416119893, 1.0],
       [19.390750416119893, 20.12515271306038, 0.0], [20.12515271306038, 20.859555010000864, 1.0],
       [20.859555010000864, 21.593957306941352, 0.0], [21.593957306941352, 22.328359603881836, 1.0]]],
     [1618662468.132121, 388400,
      [[-0.5519677400588989, 0.3956539273262024, 8.0], [0.3956539273262024, 1.3432755947113038, 206.0],
       [1.3432755947113038, 2.290897262096405, 245.0], [2.290897262096405, 3.2385189294815064, 311.0],
       [3.2385189294815064, 4.186140596866608, 433.0], [4.186140596866608, 5.133762264251709, 510.0],
       [5.133762264251709, 6.08138393163681, 222.0], [6.08138393163681, 7.029005599021912, 47.0],
       [7.029005599021912, 7.976627266407013, 14.0], [7.976627266407013, 8.924248933792114, 8.0],
       [8.924248933792114, 9.871870601177216, 4.0], [9.871870601177216, 10.819492268562318, 2.0],
       [10.819492268562318, 11.76711393594742, 5.0], [11.76711393594742, 12.71473560333252, 5.0],
       [12.71473560333252, 13.66235727071762, 3.0], [13.66235727071762, 14.609978938102723, 3.0],
       [14.609978938102723, 15.557600605487824, 2.0], [15.557600605487824, 16.505222272872924, 2.0],
       [16.505222272872924, 17.452843940258028, 4.0], [17.452843940258028, 18.400465607643127, 1.0],
       [18.400465607643127, 19.34808727502823, 2.0], [19.34808727502823, 20.29570894241333, 3.0],
       [20.29570894241333, 21.24333060979843, 3.0], [21.24333060979843, 22.190952277183534, 1.0],
       [22.190952277183534, 23.138573944568634, 2.0], [23.138573944568634, 24.086195611953737, 0.0],
       [24.086195611953737, 25.033817279338837, 1.0], [25.033817279338837, 25.981438946723937, 0.0],
       [25.981438946723937, 26.92906061410904, 0.0], [26.92906061410904, 27.87668228149414, 1.0]]],
     [1618664789.593949, 602600,
      [[-0.4731851816177368, 0.8763407349586487, 512.0], [0.8763407349586487, 2.2258666515350343, 337.0],
       [2.2258666515350343, 3.57539256811142, 221.0], [3.57539256811142, 4.924918484687805, 167.0],
       [4.924918484687805, 6.274444401264191, 167.0], [6.274444401264191, 7.623970317840577, 176.0],
       [7.623970317840577, 8.973496234416961, 163.0], [8.973496234416961, 10.323022150993348, 109.0],
       [10.323022150993348, 11.672548067569734, 92.0], [11.672548067569734, 13.022073984146118, 43.0],
       [13.022073984146118, 14.371599900722504, 27.0], [14.371599900722504, 15.72112581729889, 7.0],
       [15.72112581729889, 17.070651733875277, 5.0], [17.070651733875277, 18.42017765045166, 6.0],
       [18.42017765045166, 19.769703567028046, 4.0], [19.769703567028046, 21.119229483604432, 3.0],
       [21.119229483604432, 22.468755400180818, 0.0], [22.468755400180818, 23.818281316757204, 1.0],
       [23.818281316757204, 25.167807233333587, 1.0], [25.167807233333587, 26.517333149909973, 3.0],
       [26.517333149909973, 27.86685906648636, 1.0], [27.86685906648636, 29.216384983062746, 0.0],
       [29.216384983062746, 30.56591089963913, 1.0], [30.56591089963913, 31.915436816215518, 0.0],
       [31.915436816215518, 33.2649627327919, 1.0], [33.2649627327919, 34.61448864936829, 0.0],
       [34.61448864936829, 35.96401456594467, 0.0], [35.96401456594467, 37.313540482521056, 0.0],
       [37.313540482521056, 38.663066399097445, 0.0], [38.663066399097445, 40.01259231567383, 1.0]]],
     [1618666133.658842, 713600,
      [[0.1663682609796524, 1.356500218808651, 492.0], [1.356500218808651, 2.5466321766376496, 392.0],
       [2.5466321766376496, 3.7367641344666485, 230.0], [3.7367641344666485, 4.926896092295647, 121.0],
       [4.926896092295647, 6.117028050124645, 111.0], [6.117028050124645, 7.3071600079536445, 102.0],
       [7.3071600079536445, 8.497291965782642, 89.0], [8.497291965782642, 9.687423923611641, 86.0],
       [9.687423923611641, 10.87755588144064, 84.0], [10.87755588144064, 12.067687839269638, 80.0],
       [12.067687839269638, 13.257819797098637, 67.0], [13.257819797098637, 14.447951754927637, 41.0],
       [14.447951754927637, 15.638083712756634, 47.0], [15.638083712756634, 16.82821567058563, 30.0],
       [16.82821567058563, 18.01834762841463, 18.0], [18.01834762841463, 19.20847958624363, 8.0],
       [19.20847958624363, 20.39861154407263, 10.0], [20.39861154407263, 21.58874350190163, 7.0],
       [21.58874350190163, 22.778875459730624, 12.0], [22.778875459730624, 23.969007417559624, 2.0],
       [23.969007417559624, 25.159139375388623, 4.0], [25.159139375388623, 26.349271333217622, 4.0],
       [26.349271333217622, 27.53940329104662, 1.0], [27.53940329104662, 28.72953524887562, 3.0],
       [28.72953524887562, 29.919667206704617, 2.0], [29.919667206704617, 31.109799164533616, 0.0],
       [31.109799164533616, 32.299931122362615, 1.0], [32.299931122362615, 33.49006308019161, 1.0],
       [33.49006308019161, 34.680195038020614, 0.0], [34.680195038020614, 35.87032699584961, 3.0]]],
     [1618666432.142754, 738600,
      [[0.12969903647899628, 1.3177856321136157, 457.0], [1.3177856321136157, 2.505872227748235, 370.0],
       [2.505872227748235, 3.6939588233828546, 191.0], [3.6939588233828546, 4.882045419017474, 119.0],
       [4.882045419017474, 6.070132014652093, 81.0], [6.070132014652093, 7.258218610286713, 85.0],
       [7.258218610286713, 8.446305205921332, 65.0], [8.446305205921332, 9.634391801555951, 91.0],
       [9.634391801555951, 10.82247839719057, 91.0], [10.82247839719057, 12.01056499282519, 81.0],
       [12.01056499282519, 13.198651588459809, 71.0], [13.198651588459809, 14.38673818409443, 84.0],
       [14.38673818409443, 15.574824779729049, 57.0], [15.574824779729049, 16.762911375363668, 47.0],
       [16.762911375363668, 17.950997970998287, 39.0], [17.950997970998287, 19.139084566632906, 33.0],
       [19.139084566632906, 20.327171162267526, 16.0], [20.327171162267526, 21.515257757902145, 19.0],
       [21.515257757902145, 22.703344353536764, 7.0], [22.703344353536764, 23.891430949171383, 12.0],
       [23.891430949171383, 25.079517544806002, 5.0], [25.079517544806002, 26.26760414044062, 5.0],
       [26.26760414044062, 27.45569073607524, 6.0], [27.45569073607524, 28.643777331709863, 6.0],
       [28.643777331709863, 29.831863927344482, 3.0], [29.831863927344482, 31.0199505229791, 0.0],
       [31.0199505229791, 32.20803711861372, 0.0], [32.20803711861372, 33.39612371424834, 1.0],
       [33.39612371424834, 34.584210309882955, 2.0], [34.584210309882955, 35.77229690551758, 4.0]]],
     [1618667262.788129, 812000,
      [[-1.4139829874038696, -0.4324812610944112, 5.0], [-0.4324812610944112, 0.5490204652150472, 12.0],
       [0.5490204652150472, 1.5305221915245055, 57.0], [1.5305221915245055, 2.512023917833964, 164.0],
       [2.512023917833964, 3.493525644143422, 184.0], [3.493525644143422, 4.475027370452881, 117.0],
       [4.475027370452881, 5.456529096762339, 121.0], [5.456529096762339, 6.438030823071798, 87.0],
       [6.438030823071798, 7.419532549381255, 92.0], [7.419532549381255, 8.401034275690714, 70.0],
       [8.401034275690714, 9.382536002000172, 70.0], [9.382536002000172, 10.364037728309631, 85.0],
       [10.364037728309631, 11.34553945461909, 89.0], [11.34553945461909, 12.327041180928548, 119.0],
       [12.327041180928548, 13.308542907238007, 130.0], [13.308542907238007, 14.290044633547465, 110.0],
       [14.290044633547465, 15.271546359856924, 130.0], [15.271546359856924, 16.25304808616638, 104.0],
       [16.25304808616638, 17.23454981247584, 101.0], [17.23454981247584, 18.216051538785297, 72.0],
       [18.216051538785297, 19.197553265094758, 43.0], [19.197553265094758, 20.179054991404215, 28.0],
       [20.179054991404215, 21.160556717713675, 19.0], [21.160556717713675, 22.14205844402313, 15.0],
       [22.14205844402313, 23.123560170332592, 8.0], [23.123560170332592, 24.10506189664205, 4.0],
       [24.10506189664205, 25.08656362295151, 7.0], [25.08656362295151, 26.068065349260966, 1.0],
       [26.068065349260966, 27.049567075570426, 0.0], [27.049567075570426, 28.031068801879883, 4.0]]],
     [1618668323.569665, 912100,
      [[-0.5927205085754395, 0.4817933877309164, 57.0], [0.4817933877309164, 1.5563072840372723, 94.0],
       [1.5563072840372723, 2.630821180343628, 109.0], [2.630821180343628, 3.705335076649984, 69.0],
       [3.705335076649984, 4.77984897295634, 72.0], [4.77984897295634, 5.854362869262696, 70.0],
       [5.854362869262696, 6.9288767655690515, 51.0], [6.9288767655690515, 8.003390661875407, 55.0],
       [8.003390661875407, 9.077904558181764, 75.0], [9.077904558181764, 10.152418454488119, 63.0],
       [10.152418454488119, 11.226932350794474, 83.0], [11.226932350794474, 12.30144624710083, 84.0],
       [12.30144624710083, 13.375960143407188, 96.0], [13.375960143407188, 14.450474039713542, 134.0],
       [14.450474039713542, 15.524987936019897, 131.0], [15.524987936019897, 16.599501832326254, 147.0],
       [16.599501832326254, 17.67401572863261, 137.0], [17.67401572863261, 18.748529624938968, 128.0],
       [18.748529624938968, 19.82304352124532, 109.0], [19.82304352124532, 20.897557417551678, 99.0],
       [20.897557417551678, 21.972071313858034, 74.0], [21.972071313858034, 23.046585210164388, 41.0],
       [23.046585210164388, 24.121099106470744, 29.0], [24.121099106470744, 25.1956130027771, 24.0],
       [25.1956130027771, 26.270126899083458, 8.0], [26.270126899083458, 27.344640795389815, 6.0],
       [27.344640795389815, 28.419154691696168, 1.0], [28.419154691696168, 29.493668588002524, 0.0],
       [29.493668588002524, 30.56818248430888, 1.0], [30.56818248430888, 31.642696380615234, 1.0]]],
     [1618668512.868735, 929600,
      [[-0.14533281326293945, 0.8740277449289957, 35.0], [0.8740277449289957, 1.8933883031209309, 44.0],
       [1.8933883031209309, 2.912748861312866, 38.0], [2.912748861312866, 3.932109419504801, 52.0],
       [3.932109419504801, 4.951469977696736, 67.0], [4.951469977696736, 5.9708305358886715, 64.0],
       [5.9708305358886715, 6.990191094080607, 64.0], [6.990191094080607, 8.009551652272542, 73.0],
       [8.009551652272542, 9.028912210464476, 87.0], [9.028912210464476, 10.048272768656412, 90.0],
       [10.048272768656412, 11.067633326848348, 80.0], [11.067633326848348, 12.086993885040282, 105.0],
       [12.086993885040282, 13.106354443232217, 121.0], [13.106354443232217, 14.125715001424153, 133.0],
       [14.125715001424153, 15.145075559616089, 158.0], [15.145075559616089, 16.164436117808023, 166.0],
       [16.164436117808023, 17.183796675999957, 133.0], [17.183796675999957, 18.20315723419189, 133.0],
       [18.20315723419189, 19.22251779238383, 116.0], [19.22251779238383, 20.241878350575764, 84.0],
       [20.241878350575764, 21.261238908767698, 80.0], [21.261238908767698, 22.280599466959636, 51.0],
       [22.280599466959636, 23.29996002515157, 41.0], [23.29996002515157, 24.319320583343504, 12.0],
       [24.319320583343504, 25.33868114153544, 7.0], [25.33868114153544, 26.358041699727373, 7.0],
       [26.358041699727373, 27.37740225791931, 4.0], [27.37740225791931, 28.396762816111245, 2.0],
       [28.396762816111245, 29.41612337430318, 0.0], [29.41612337430318, 30.435483932495117, 1.0]]],
     [1618669335.55899, 1006400,
      [[-0.2181607186794281, 0.8474911779165268, 6.0], [0.8474911779165268, 1.9131430745124818, 11.0],
       [1.9131430745124818, 2.978794971108437, 34.0], [2.978794971108437, 4.044446867704392, 34.0],
       [4.044446867704392, 5.110098764300346, 41.0], [5.110098764300346, 6.175750660896302, 52.0],
       [6.175750660896302, 7.241402557492257, 53.0], [7.241402557492257, 8.307054454088211, 84.0],
       [8.307054454088211, 9.372706350684167, 131.0], [9.372706350684167, 10.43835824728012, 147.0],
       [10.43835824728012, 11.504010143876076, 185.0], [11.504010143876076, 12.569662040472032, 191.0],
       [12.569662040472032, 13.635313937067986, 232.0], [13.635313937067986, 14.700965833663941, 193.0],
       [14.700965833663941, 15.766617730259895, 179.0], [15.766617730259895, 16.83226962685585, 153.0],
       [16.83226962685585, 17.897921523451807, 118.0], [17.897921523451807, 18.963573420047762, 88.0],
       [18.963573420047762, 20.029225316643714, 41.0], [20.029225316643714, 21.09487721323967, 39.0],
       [21.09487721323967, 22.160529109835625, 17.0], [22.160529109835625, 23.22618100643158, 8.0],
       [23.22618100643158, 24.291832903027537, 2.0], [24.291832903027537, 25.357484799623492, 6.0],
       [25.357484799623492, 26.423136696219444, 1.0], [26.423136696219444, 27.4887885928154, 0.0],
       [27.4887885928154, 28.554440489411355, 1.0], [28.554440489411355, 29.62009238600731, 0.0],
       [29.62009238600731, 30.685744282603267, 0.0], [30.685744282603267, 31.75139617919922, 1.0]]],
     [1618669954.777644, 1063600,
      [[0.060378193855285645, 1.0017225464185078, 6.0], [1.0017225464185078, 1.9430668989817301, 6.0],
       [1.9430668989817301, 2.8844112515449525, 10.0], [2.8844112515449525, 3.8257556041081746, 27.0],
       [3.8257556041081746, 4.767099956671397, 17.0], [4.767099956671397, 5.708444309234619, 21.0],
       [5.708444309234619, 6.6497886617978414, 27.0], [6.6497886617978414, 7.591133014361064, 27.0],
       [7.591133014361064, 8.532477366924287, 57.0], [8.532477366924287, 9.473821719487509, 76.0],
       [9.473821719487509, 10.41516607205073, 84.0], [10.41516607205073, 11.356510424613953, 159.0],
       [11.356510424613953, 12.297854777177175, 187.0], [12.297854777177175, 13.239199129740397, 199.0],
       [13.239199129740397, 14.18054348230362, 212.0], [14.18054348230362, 15.121887834866842, 198.0],
       [15.121887834866842, 16.063232187430064, 183.0], [16.063232187430064, 17.004576539993288, 142.0],
       [17.004576539993288, 17.945920892556508, 104.0], [17.945920892556508, 18.887265245119732, 100.0],
       [18.887265245119732, 19.828609597682952, 63.0], [19.828609597682952, 20.769953950246176, 59.0],
       [20.769953950246176, 21.711298302809396, 32.0], [21.711298302809396, 22.65264265537262, 20.0],
       [22.65264265537262, 23.59398700793584, 16.0], [23.59398700793584, 24.535331360499065, 10.0],
       [24.535331360499065, 25.476675713062285, 2.0], [25.476675713062285, 26.41802006562551, 1.0],
       [26.41802006562551, 27.35936441818873, 1.0], [27.35936441818873, 28.300708770751953, 2.0]]],
     [1618670110.471833, 1077800,
      [[0.5964328050613403, 1.7557716568311055, 8.0], [1.7557716568311055, 2.9151105086008706, 9.0],
       [2.9151105086008706, 4.074449360370636, 11.0], [4.074449360370636, 5.233788212140401, 14.0],
       [5.233788212140401, 6.393127063910166, 38.0], [6.393127063910166, 7.552465915679932, 37.0],
       [7.552465915679932, 8.711804767449696, 61.0], [8.711804767449696, 9.871143619219461, 114.0],
       [9.871143619219461, 11.030482470989227, 129.0], [11.030482470989227, 12.189821322758991, 159.0],
       [12.189821322758991, 13.349160174528757, 238.0], [13.349160174528757, 14.508499026298523, 246.0],
       [14.508499026298523, 15.667837878068287, 236.0], [15.667837878068287, 16.82717672983805, 219.0],
       [16.82717672983805, 17.98651558160782, 140.0], [17.98651558160782, 19.145854433377583, 136.0],
       [19.145854433377583, 20.305193285147347, 97.0], [20.305193285147347, 21.464532136917114, 68.0],
       [21.464532136917114, 22.62387098868688, 37.0], [22.62387098868688, 23.783209840456642, 22.0],
       [23.783209840456642, 24.94254869222641, 12.0], [24.94254869222641, 26.101887543996174, 9.0],
       [26.101887543996174, 27.261226395765938, 3.0], [27.261226395765938, 28.420565247535706, 2.0],
       [28.420565247535706, 29.57990409930547, 2.0], [29.57990409930547, 30.739242951075234, 0.0],
       [30.739242951075234, 31.898581802844998, 0.0], [31.898581802844998, 33.05792065461476, 0.0],
       [33.05792065461476, 34.21725950638453, 0.0], [34.21725950638453, 35.3765983581543, 1.0]]],
     [1618670818.598383, 1143500,
      [[4.845190048217773, 5.9465739568074545, 16.0], [5.9465739568074545, 7.0479578653971355, 19.0],
       [7.0479578653971355, 8.149341773986816, 41.0], [8.149341773986816, 9.250725682576498, 61.0],
       [9.250725682576498, 10.35210959116618, 90.0], [10.35210959116618, 11.45349349975586, 127.0],
       [11.45349349975586, 12.55487740834554, 183.0], [12.55487740834554, 13.656261316935222, 192.0],
       [13.656261316935222, 14.757645225524904, 210.0], [14.757645225524904, 15.859029134114584, 241.0],
       [15.859029134114584, 16.960413042704264, 216.0], [16.960413042704264, 18.061796951293946, 166.0],
       [18.061796951293946, 19.163180859883628, 114.0], [19.163180859883628, 20.264564768473306, 103.0],
       [20.264564768473306, 21.36594867706299, 67.0], [21.36594867706299, 22.46733258565267, 58.0],
       [22.46733258565267, 23.568716494242352, 42.0], [23.568716494242352, 24.670100402832034, 38.0],
       [24.670100402832034, 25.771484311421712, 20.0], [25.771484311421712, 26.872868220011394, 21.0],
       [26.872868220011394, 27.974252128601076, 10.0], [27.974252128601076, 29.075636037190755, 5.0],
       [29.075636037190755, 30.177019945780437, 3.0], [30.177019945780437, 31.27840385437012, 3.0],
       [31.27840385437012, 32.3797877629598, 0.0], [32.3797877629598, 33.48117167154948, 0.0],
       [33.48117167154948, 34.58255558013916, 1.0], [34.58255558013916, 35.68393948872884, 0.0],
       [35.68393948872884, 36.78532339731852, 0.0], [36.78532339731852, 37.8867073059082, 1.0]]],
     [1618671314.335107, 1189000,
      [[4.271805763244629, 5.267911815643311, 2.0], [5.267911815643311, 6.264017868041992, 4.0],
       [6.264017868041992, 7.260123920440674, 17.0], [7.260123920440674, 8.256229972839355, 39.0],
       [8.256229972839355, 9.252336025238037, 64.0], [9.252336025238037, 10.248442077636719, 94.0],
       [10.248442077636719, 11.244548130035401, 166.0], [11.244548130035401, 12.240654182434081, 150.0],
       [12.240654182434081, 13.236760234832763, 196.0], [13.236760234832763, 14.232866287231445, 235.0],
       [14.232866287231445, 15.228972339630127, 258.0], [15.228972339630127, 16.22507839202881, 219.0],
       [16.22507839202881, 17.221184444427493, 162.0], [17.221184444427493, 18.217290496826173, 135.0],
       [18.217290496826173, 19.213396549224854, 106.0], [19.213396549224854, 20.209502601623534, 85.0],
       [20.209502601623534, 21.205608654022218, 39.0], [21.205608654022218, 22.201714706420898, 30.0],
       [22.201714706420898, 23.19782075881958, 23.0], [23.19782075881958, 24.19392681121826, 12.0],
       [24.19392681121826, 25.190032863616945, 3.0], [25.190032863616945, 26.186138916015626, 3.0],
       [26.186138916015626, 27.182244968414306, 1.0], [27.182244968414306, 28.17835102081299, 2.0],
       [28.17835102081299, 29.17445707321167, 0.0], [29.17445707321167, 30.170563125610354, 0.0],
       [30.170563125610354, 31.166669178009034, 1.0], [31.166669178009034, 32.16277523040772, 1.0],
       [32.16277523040772, 33.1588812828064, 0.0], [33.1588812828064, 34.15498733520508, 1.0]]],
     [1618671962.304361, 1249800,
      [[1.224779725074768, 2.3160612781842547, 1.0], [2.3160612781842547, 3.4073428312937417, 4.0],
       [3.4073428312937417, 4.498624384403229, 7.0], [4.498624384403229, 5.589905937512715, 6.0],
       [5.589905937512715, 6.681187490622202, 17.0], [6.681187490622202, 7.7724690437316895, 40.0],
       [7.7724690437316895, 8.863750596841175, 79.0], [8.863750596841175, 9.955032149950663, 104.0],
       [9.955032149950663, 11.04631370306015, 172.0], [11.04631370306015, 12.137595256169636, 219.0],
       [12.137595256169636, 13.228876809279123, 253.0], [13.228876809279123, 14.32015836238861, 253.0],
       [14.32015836238861, 15.411439915498097, 227.0], [15.411439915498097, 16.502721468607582, 194.0],
       [16.502721468607582, 17.59400302171707, 128.0], [17.59400302171707, 18.685284574826557, 101.0],
       [18.685284574826557, 19.776566127936043, 65.0], [19.776566127936043, 20.867847681045532, 57.0],
       [20.867847681045532, 21.959129234155018, 40.0], [21.959129234155018, 23.050410787264504, 24.0],
       [23.050410787264504, 24.141692340373993, 22.0], [24.141692340373993, 25.23297389348348, 12.0],
       [25.23297389348348, 26.324255446592964, 10.0], [26.324255446592964, 27.415536999702454, 4.0],
       [27.415536999702454, 28.50681855281194, 2.0], [28.50681855281194, 29.598100105921425, 4.0],
       [29.598100105921425, 30.68938165903091, 1.0], [30.68938165903091, 31.7806632121404, 1.0],
       [31.7806632121404, 32.871944765249886, 0.0], [32.871944765249886, 33.963226318359375, 1.0]]],
     [1618672632.025011, 1312800,
      [[-0.21606236696243286, 0.9349273502826692, 1.0], [0.9349273502826692, 2.085917067527771, 2.0],
       [2.085917067527771, 3.236906784772873, 0.0], [3.236906784772873, 4.387896502017975, 2.0],
       [4.387896502017975, 5.538886219263077, 8.0], [5.538886219263077, 6.689875936508179, 26.0],
       [6.689875936508179, 7.840865653753282, 51.0], [7.840865653753282, 8.991855370998383, 85.0],
       [8.991855370998383, 10.142845088243485, 204.0], [10.142845088243485, 11.293834805488586, 246.0],
       [11.293834805488586, 12.44482452273369, 273.0], [12.44482452273369, 13.595814239978791, 237.0],
       [13.595814239978791, 14.746803957223893, 238.0], [14.746803957223893, 15.897793674468996, 192.0],
       [15.897793674468996, 17.048783391714096, 158.0], [17.048783391714096, 18.1997731089592, 103.0],
       [18.1997731089592, 19.350762826204303, 72.0], [19.350762826204303, 20.501752543449403, 51.0],
       [20.501752543449403, 21.652742260694506, 20.0], [21.652742260694506, 22.803731977939606, 23.0],
       [22.803731977939606, 23.95472169518471, 17.0], [23.95472169518471, 25.105711412429812, 14.0],
       [25.105711412429812, 26.256701129674912, 9.0], [26.256701129674912, 27.407690846920016, 4.0],
       [27.407690846920016, 28.55868056416512, 0.0], [28.55868056416512, 29.70967028141022, 5.0],
       [29.70967028141022, 30.860659998655322, 5.0], [30.860659998655322, 32.011649715900425, 0.0],
       [32.011649715900425, 33.16263943314553, 0.0], [33.16263943314553, 34.313629150390625, 2.0]]],
     [1618673799.816598, 1422700,
      [[3.3869543075561523, 4.803424549102783, 3.0], [4.803424549102783, 6.219894790649414, 7.0],
       [6.219894790649414, 7.636365032196045, 29.0], [7.636365032196045, 9.052835273742676, 93.0],
       [9.052835273742676, 10.469305515289307, 220.0], [10.469305515289307, 11.885775756835937, 346.0],
       [11.885775756835937, 13.302245998382569, 366.0], [13.302245998382569, 14.718716239929199, 343.0],
       [14.718716239929199, 16.135186481475827, 216.0], [16.135186481475827, 17.55165672302246, 162.0],
       [17.55165672302246, 18.96812696456909, 92.0], [18.96812696456909, 20.38459720611572, 52.0],
       [20.38459720611572, 21.80106744766235, 34.0], [21.80106744766235, 23.217537689208985, 26.0],
       [23.217537689208985, 24.634007930755615, 11.0], [24.634007930755615, 26.050478172302245, 8.0],
       [26.050478172302245, 27.466948413848876, 8.0], [27.466948413848876, 28.883418655395506, 6.0],
       [28.883418655395506, 30.29988889694214, 6.0], [30.29988889694214, 31.71635913848877, 4.0],
       [31.71635913848877, 33.1328293800354, 4.0], [33.1328293800354, 34.54929962158203, 5.0],
       [34.54929962158203, 35.96576986312866, 1.0], [35.96576986312866, 37.38224010467529, 0.0],
       [37.38224010467529, 38.798710346221924, 3.0], [38.798710346221924, 40.21518058776855, 0.0],
       [40.21518058776855, 41.631650829315184, 1.0], [41.631650829315184, 43.04812107086182, 0.0],
       [43.04812107086182, 44.464591312408444, 1.0], [44.464591312408444, 45.88106155395508, 1.0]]],
     [1618673921.343468, 1434000,
      [[2.6393754482269287, 3.9468145608901977, 1.0], [3.9468145608901977, 5.254253673553467, 1.0],
       [5.254253673553467, 6.561692786216735, 12.0], [6.561692786216735, 7.8691318988800045, 35.0],
       [7.8691318988800045, 9.176571011543274, 98.0], [9.176571011543274, 10.484010124206542, 244.0],
       [10.484010124206542, 11.791449236869811, 282.0], [11.791449236869811, 13.09888834953308, 330.0],
       [13.09888834953308, 14.40632746219635, 307.0], [14.40632746219635, 15.71376657485962, 234.0],
       [15.71376657485962, 17.021205687522887, 170.0], [17.021205687522887, 18.328644800186154, 109.0],
       [18.328644800186154, 19.636083912849426, 75.0], [19.636083912849426, 20.943523025512693, 41.0],
       [20.943523025512693, 22.250962138175964, 30.0], [22.250962138175964, 23.558401250839232, 21.0],
       [23.558401250839232, 24.8658403635025, 15.0], [24.8658403635025, 26.17327947616577, 12.0],
       [26.17327947616577, 27.48071858882904, 8.0], [27.48071858882904, 28.78815770149231, 5.0],
       [28.78815770149231, 30.095596814155577, 5.0], [30.095596814155577, 31.403035926818845, 3.0],
       [31.403035926818845, 32.71047503948212, 1.0], [32.71047503948212, 34.01791415214538, 1.0],
       [34.01791415214538, 35.325353264808655, 2.0], [35.325353264808655, 36.63279237747192, 1.0],
       [36.63279237747192, 37.94023149013519, 2.0], [37.94023149013519, 39.24767060279846, 2.0],
       [39.24767060279846, 40.555109715461725, 0.0], [40.555109715461725, 41.862548828125, 1.0]]],
     [1618674167.467854, 1456900, [[5.53515625, 6.924063618977865, 13.0], [6.924063618977865, 8.31297098795573, 58.0],
                                   [8.31297098795573, 9.701878356933594, 146.0],
                                   [9.701878356933594, 11.09078572591146, 283.0],
                                   [11.09078572591146, 12.479693094889324, 357.0],
                                   [12.479693094889324, 13.868600463867187, 361.0],
                                   [13.868600463867187, 15.257507832845052, 276.0],
                                   [15.257507832845052, 16.64641520182292, 208.0],
                                   [16.64641520182292, 18.03532257080078, 138.0],
                                   [18.03532257080078, 19.424229939778648, 65.0],
                                   [19.424229939778648, 20.81313730875651, 37.0],
                                   [20.81313730875651, 22.202044677734374, 22.0],
                                   [22.202044677734374, 23.59095204671224, 12.0],
                                   [23.59095204671224, 24.979859415690104, 18.0],
                                   [24.979859415690104, 26.36876678466797, 12.0],
                                   [26.36876678466797, 27.757674153645834, 8.0],
                                   [27.757674153645834, 29.1465815226237, 5.0],
                                   [29.1465815226237, 30.535488891601563, 10.0],
                                   [30.535488891601563, 31.924396260579428, 3.0],
                                   [31.924396260579428, 33.313303629557296, 1.0],
                                   [33.313303629557296, 34.70221099853516, 3.0],
                                   [34.70221099853516, 36.09111836751302, 1.0],
                                   [36.09111836751302, 37.48002573649089, 1.0],
                                   [37.48002573649089, 38.86893310546875, 5.0],
                                   [38.86893310546875, 40.25784047444662, 0.0],
                                   [40.25784047444662, 41.64674784342448, 1.0],
                                   [41.64674784342448, 43.03565521240235, 0.0],
                                   [43.03565521240235, 44.42456258138021, 0.0],
                                   [44.42456258138021, 45.813469950358076, 1.0],
                                   [45.813469950358076, 47.20237731933594, 3.0]]], [1618674731.777329, 1509400, [
        [1.359401822090149, 2.978324242432912, 1.0], [2.978324242432912, 4.597246662775675, 2.0],
        [4.597246662775675, 6.216169083118439, 8.0], [6.216169083118439, 7.835091503461202, 37.0],
        [7.835091503461202, 9.454013923803965, 181.0], [9.454013923803965, 11.07293634414673, 311.0],
        [11.07293634414673, 12.691858764489492, 422.0], [12.691858764489492, 14.310781184832255, 393.0],
        [14.310781184832255, 15.929703605175018, 273.0], [15.929703605175018, 17.54862602551778, 176.0],
        [17.54862602551778, 19.167548445860543, 109.0], [19.167548445860543, 20.78647086620331, 45.0],
        [20.78647086620331, 22.405393286546072, 26.0], [22.405393286546072, 24.024315706888835, 17.0],
        [24.024315706888835, 25.643238127231598, 16.0], [25.643238127231598, 27.26216054757436, 2.0],
        [27.26216054757436, 28.881082967917123, 5.0], [28.881082967917123, 30.500005388259886, 6.0],
        [30.500005388259886, 32.11892780860265, 5.0], [32.11892780860265, 33.73785022894541, 4.0],
        [33.73785022894541, 35.356772649288175, 4.0], [35.356772649288175, 36.97569506963094, 2.0],
        [36.97569506963094, 38.5946174899737, 0.0], [38.5946174899737, 40.21353991031647, 1.0],
        [40.21353991031647, 41.83246233065923, 0.0], [41.83246233065923, 43.451384751001996, 0.0],
        [43.451384751001996, 45.07030717134476, 0.0], [45.07030717134476, 46.68922959168752, 1.0],
        [46.68922959168752, 48.308152012030284, 0.0], [48.308152012030284, 49.92707443237305, 1.0]]],
     [1618674909.578376, 1525800,
      [[3.8915042877197266, 5.129332669576009, 4.0], [5.129332669576009, 6.367161051432292, 7.0],
       [6.367161051432292, 7.604989433288575, 18.0], [7.604989433288575, 8.842817815144857, 67.0],
       [8.842817815144857, 10.080646197001139, 152.0], [10.080646197001139, 11.318474578857423, 275.0],
       [11.318474578857423, 12.556302960713705, 297.0], [12.556302960713705, 13.794131342569987, 301.0],
       [13.794131342569987, 15.031959724426269, 288.0], [15.031959724426269, 16.26978810628255, 207.0],
       [16.26978810628255, 17.507616488138837, 154.0], [17.507616488138837, 18.74544486999512, 85.0],
       [18.74544486999512, 19.9832732518514, 58.0], [19.9832732518514, 21.221101633707683, 36.0],
       [21.221101633707683, 22.458930015563965, 27.0], [22.458930015563965, 23.696758397420247, 17.0],
       [23.696758397420247, 24.93458677927653, 7.0], [24.93458677927653, 26.17241516113281, 12.0],
       [26.17241516113281, 27.410243542989093, 7.0], [27.410243542989093, 28.648071924845375, 5.0],
       [28.648071924845375, 29.88590030670166, 3.0], [29.88590030670166, 31.123728688557943, 4.0],
       [31.123728688557943, 32.36155707041422, 2.0], [32.36155707041422, 33.59938545227051, 4.0],
       [33.59938545227051, 34.837213834126786, 4.0], [34.837213834126786, 36.075042215983075, 2.0],
       [36.075042215983075, 37.31287059783936, 0.0], [37.31287059783936, 38.55069897969564, 2.0],
       [38.55069897969564, 39.78852736155192, 0.0], [39.78852736155192, 41.0263557434082, 3.0]]],
     [1618675938.4915, 1621600,
      [[2.424736976623535, 3.814918677012126, 5.0], [3.814918677012126, 5.205100377400717, 2.0],
       [5.205100377400717, 6.595282077789307, 5.0], [6.595282077789307, 7.985463778177897, 31.0],
       [7.985463778177897, 9.375645478566488, 81.0], [9.375645478566488, 10.765827178955078, 187.0],
       [10.765827178955078, 12.15600887934367, 333.0], [12.15600887934367, 13.54619057973226, 391.0],
       [13.54619057973226, 14.93637228012085, 306.0], [14.93637228012085, 16.32655398050944, 221.0],
       [16.32655398050944, 17.716735680898033, 156.0], [17.716735680898033, 19.10691738128662, 94.0],
       [19.10691738128662, 20.497099081675213, 73.0], [20.497099081675213, 21.887280782063804, 50.0],
       [21.887280782063804, 23.277462482452393, 27.0], [23.277462482452393, 24.667644182840984, 13.0],
       [24.667644182840984, 26.057825883229576, 18.0], [26.057825883229576, 27.448007583618164, 6.0],
       [27.448007583618164, 28.838189284006756, 10.0], [28.838189284006756, 30.228370984395347, 11.0],
       [30.228370984395347, 31.618552684783936, 6.0], [31.618552684783936, 33.00873438517253, 9.0],
       [33.00873438517253, 34.39891608556112, 1.0], [34.39891608556112, 35.78909778594971, 3.0],
       [35.78909778594971, 37.1792794863383, 2.0], [37.1792794863383, 38.56946118672689, 3.0],
       [38.56946118672689, 39.95964288711548, 1.0], [39.95964288711548, 41.349824587504074, 0.0],
       [41.349824587504074, 42.74000628789266, 1.0], [42.74000628789266, 44.13018798828125, 2.0]]],
     [1618677041.906831, 1719700,
      [[3.6693108081817627, 5.01681067943573, 4.0], [5.01681067943573, 6.364310550689697, 10.0],
       [6.364310550689697, 7.711810421943664, 58.0], [7.711810421943664, 9.059310293197631, 148.0],
       [9.059310293197631, 10.4068101644516, 334.0], [10.4068101644516, 11.754310035705565, 408.0],
       [11.754310035705565, 13.101809906959533, 308.0], [13.101809906959533, 14.4493097782135, 270.0],
       [14.4493097782135, 15.796809649467468, 192.0], [15.796809649467468, 17.144309520721436, 116.0],
       [17.144309520721436, 18.4918093919754, 64.0], [18.4918093919754, 19.839309263229367, 42.0],
       [19.839309263229367, 21.186809134483337, 24.0], [21.186809134483337, 22.534309005737303, 16.0],
       [22.534309005737303, 23.881808876991272, 13.0], [23.881808876991272, 25.229308748245238, 7.0],
       [25.229308748245238, 26.576808619499204, 8.0], [26.576808619499204, 27.924308490753173, 8.0],
       [27.924308490753173, 29.27180836200714, 4.0], [29.27180836200714, 30.61930823326111, 4.0],
       [30.61930823326111, 31.966808104515074, 3.0], [31.966808104515074, 33.31430797576904, 4.0],
       [33.31430797576904, 34.66180784702301, 0.0], [34.66180784702301, 36.00930771827697, 1.0],
       [36.00930771827697, 37.356807589530945, 0.0], [37.356807589530945, 38.70430746078491, 1.0],
       [38.70430746078491, 40.05180733203888, 0.0], [40.05180733203888, 41.39930720329284, 0.0],
       [41.39930720329284, 42.74680707454681, 0.0], [42.74680707454681, 44.09430694580078, 1.0]]],
     [1618677934.022573, 1798900,
      [[3.1406185626983643, 4.455439511934916, 2.0], [4.455439511934916, 5.770260461171468, 4.0],
       [5.770260461171468, 7.08508141040802, 6.0], [7.08508141040802, 8.399902359644571, 75.0],
       [8.399902359644571, 9.714723308881123, 173.0], [9.714723308881123, 11.029544258117676, 361.0],
       [11.029544258117676, 12.344365207354228, 369.0], [12.344365207354228, 13.65918615659078, 344.0],
       [13.65918615659078, 14.974007105827331, 248.0], [14.974007105827331, 16.28882805506388, 169.0],
       [16.28882805506388, 17.603649004300436, 107.0], [17.603649004300436, 18.918469953536988, 49.0],
       [18.918469953536988, 20.23329090277354, 37.0], [20.23329090277354, 21.54811185201009, 22.0],
       [21.54811185201009, 22.862932801246643, 17.0], [22.862932801246643, 24.177753750483195, 15.0],
       [24.177753750483195, 25.492574699719746, 10.0], [25.492574699719746, 26.807395648956298, 7.0],
       [26.807395648956298, 28.12221659819285, 8.0], [28.12221659819285, 29.4370375474294, 5.0],
       [29.4370375474294, 30.751858496665953, 4.0], [30.751858496665953, 32.06667944590251, 4.0],
       [32.06667944590251, 33.38150039513906, 2.0], [33.38150039513906, 34.69632134437561, 1.0],
       [34.69632134437561, 36.01114229361216, 3.0], [36.01114229361216, 37.325963242848715, 4.0],
       [37.325963242848715, 38.64078419208526, 0.0], [38.64078419208526, 39.95560514132182, 0.0],
       [39.95560514132182, 41.27042609055837, 0.0], [41.27042609055837, 42.58524703979492, 2.0]]],
     [1618678515.644267, 1848700,
      [[4.0772247314453125, 5.298025512695313, 3.0], [5.298025512695313, 6.518826293945312, 13.0],
       [6.518826293945312, 7.739627075195312, 55.0], [7.739627075195312, 8.960427856445312, 187.0],
       [8.960427856445312, 10.181228637695312, 336.0], [10.181228637695312, 11.402029418945311, 351.0],
       [11.402029418945311, 12.622830200195311, 318.0], [12.622830200195311, 13.843630981445312, 267.0],
       [13.843630981445312, 15.064431762695312, 172.0], [15.064431762695312, 16.285232543945312, 116.0],
       [16.285232543945312, 17.50603332519531, 69.0], [17.50603332519531, 18.72683410644531, 39.0],
       [18.72683410644531, 19.947634887695312, 30.0], [19.947634887695312, 21.16843566894531, 18.0],
       [21.16843566894531, 22.389236450195312, 13.0], [22.389236450195312, 23.61003723144531, 7.0],
       [23.61003723144531, 24.83083801269531, 6.0], [24.83083801269531, 26.051638793945312, 6.0],
       [26.051638793945312, 27.27243957519531, 9.0], [27.27243957519531, 28.493240356445312, 6.0],
       [28.493240356445312, 29.71404113769531, 7.0], [29.71404113769531, 30.93484191894531, 3.0],
       [30.93484191894531, 32.155642700195315, 6.0], [32.155642700195315, 33.37644348144531, 3.0],
       [33.37644348144531, 34.59724426269531, 2.0], [34.59724426269531, 35.81804504394531, 2.0],
       [35.81804504394531, 37.03884582519531, 2.0], [37.03884582519531, 38.25964660644531, 1.0],
       [38.25964660644531, 39.48044738769531, 0.0], [39.48044738769531, 40.70124816894531, 1.0]]],
     [1618678899.260721, 1883100,
      [[1.5300493240356445, 2.903705628712972, 1.0], [2.903705628712972, 4.277361933390299, 2.0],
       [4.277361933390299, 5.6510182380676275, 6.0], [5.6510182380676275, 7.024674542744955, 32.0],
       [7.024674542744955, 8.398330847422283, 119.0], [8.398330847422283, 9.77198715209961, 301.0],
       [9.77198715209961, 11.145643456776938, 398.0], [11.145643456776938, 12.519299761454265, 418.0],
       [12.519299761454265, 13.892956066131593, 279.0], [13.892956066131593, 15.26661237080892, 161.0],
       [15.26661237080892, 16.640268675486247, 105.0], [16.640268675486247, 18.013924980163576, 62.0],
       [18.013924980163576, 19.387581284840902, 45.0], [19.387581284840902, 20.76123758951823, 29.0],
       [20.76123758951823, 22.134893894195557, 14.0], [22.134893894195557, 23.508550198872886, 10.0],
       [23.508550198872886, 24.882206503550215, 10.0], [24.882206503550215, 26.25586280822754, 9.0],
       [26.25586280822754, 27.62951911290487, 8.0], [27.62951911290487, 29.003175417582195, 6.0],
       [29.003175417582195, 30.376831722259524, 5.0], [30.376831722259524, 31.75048802693685, 3.0],
       [31.75048802693685, 33.124144331614175, 1.0], [33.124144331614175, 34.49780063629151, 4.0],
       [34.49780063629151, 35.871456940968834, 5.0], [35.871456940968834, 37.24511324564616, 8.0],
       [37.24511324564616, 38.61876955032349, 3.0], [38.61876955032349, 39.99242585500082, 1.0],
       [39.99242585500082, 41.36608215967814, 0.0], [41.36608215967814, 42.73973846435547, 3.0]]],
     [1618680692.079946, 2040100,
      [[3.5423243045806885, 4.850112382570902, 3.0], [4.850112382570902, 6.157900460561116, 4.0],
       [6.157900460561116, 7.465688538551331, 28.0], [7.465688538551331, 8.773476616541544, 119.0],
       [8.773476616541544, 10.081264694531757, 297.0], [10.081264694531757, 11.389052772521973, 447.0],
       [11.389052772521973, 12.696840850512187, 385.0], [12.696840850512187, 14.0046289285024, 247.0],
       [14.0046289285024, 15.312417006492614, 171.0], [15.312417006492614, 16.620205084482826, 115.0],
       [16.620205084482826, 17.927993162473044, 61.0], [17.927993162473044, 19.235781240463258, 40.0],
       [19.235781240463258, 20.54356931845347, 23.0], [20.54356931845347, 21.851357396443685, 10.0],
       [21.851357396443685, 23.1591454744339, 19.0], [23.1591454744339, 24.466933552424113, 17.0],
       [24.466933552424113, 25.774721630414327, 10.0], [25.774721630414327, 27.08250970840454, 6.0],
       [27.08250970840454, 28.390297786394754, 8.0], [28.390297786394754, 29.698085864384968, 7.0],
       [29.698085864384968, 31.00587394237518, 4.0], [31.00587394237518, 32.3136620203654, 5.0],
       [32.3136620203654, 33.62145009835561, 4.0], [33.62145009835561, 34.92923817634583, 3.0],
       [34.92923817634583, 36.23702625433604, 1.0], [36.23702625433604, 37.544814332326254, 4.0],
       [37.544814332326254, 38.852602410316464, 5.0], [38.852602410316464, 40.16039048830668, 2.0],
       [40.16039048830668, 41.46817856629689, 1.0], [41.46817856629689, 42.77596664428711, 2.0]]],
     [1618681052.897102, 2069300,
      [[5.910202503204346, 7.463458331425985, 18.0], [7.463458331425985, 9.016714159647623, 90.0],
       [9.016714159647623, 10.569969987869264, 358.0], [10.569969987869264, 12.123225816090901, 476.0],
       [12.123225816090901, 13.676481644312542, 432.0], [13.676481644312542, 15.22973747253418, 293.0],
       [15.22973747253418, 16.78299330075582, 155.0], [16.78299330075582, 18.336249128977457, 78.0],
       [18.336249128977457, 19.889504957199097, 40.0], [19.889504957199097, 21.442760785420738, 19.0],
       [21.442760785420738, 22.996016613642375, 19.0], [22.996016613642375, 24.549272441864016, 15.0],
       [24.549272441864016, 26.102528270085653, 12.0], [26.102528270085653, 27.655784098307294, 5.0],
       [27.655784098307294, 29.20903992652893, 5.0], [29.20903992652893, 30.76229575475057, 5.0],
       [30.76229575475057, 32.31555158297221, 4.0], [32.31555158297221, 33.86880741119385, 5.0],
       [33.86880741119385, 35.42206323941549, 4.0], [35.42206323941549, 36.97531906763713, 5.0],
       [36.97531906763713, 38.52857489585877, 2.0], [38.52857489585877, 40.081830724080405, 2.0],
       [40.081830724080405, 41.63508655230204, 1.0], [41.63508655230204, 43.188342380523686, 4.0],
       [43.188342380523686, 44.74159820874532, 0.0], [44.74159820874532, 46.29485403696696, 0.0],
       [46.29485403696696, 47.848109865188604, 0.0], [47.848109865188604, 49.40136569341024, 0.0],
       [49.40136569341024, 50.95462152163188, 0.0], [50.95462152163188, 52.507877349853516, 1.0]]],
     [1618681953.107695, 2145600,
      [[5.185305595397949, 6.638772296905517, 10.0], [6.638772296905517, 8.092238998413086, 66.0],
       [8.092238998413086, 9.545705699920655, 256.0], [9.545705699920655, 10.999172401428222, 418.0],
       [10.999172401428222, 12.452639102935791, 466.0], [12.452639102935791, 13.90610580444336, 315.0],
       [13.90610580444336, 15.359572505950927, 192.0], [15.359572505950927, 16.813039207458495, 114.0],
       [16.813039207458495, 18.266505908966067, 54.0], [18.266505908966067, 19.719972610473633, 40.0],
       [19.719972610473633, 21.173439311981202, 28.0], [21.173439311981202, 22.62690601348877, 16.0],
       [22.62690601348877, 24.08037271499634, 11.0], [24.08037271499634, 25.533839416503906, 10.0],
       [25.533839416503906, 26.987306118011475, 9.0], [26.987306118011475, 28.440772819519044, 4.0],
       [28.440772819519044, 29.894239521026613, 8.0], [29.894239521026613, 31.347706222534182, 5.0],
       [31.347706222534182, 32.80117292404175, 5.0], [32.80117292404175, 34.254639625549316, 4.0],
       [34.254639625549316, 35.70810632705688, 5.0], [35.70810632705688, 37.161573028564455, 1.0],
       [37.161573028564455, 38.61503973007202, 3.0], [38.61503973007202, 40.06850643157959, 4.0],
       [40.06850643157959, 41.52197313308716, 1.0], [41.52197313308716, 42.97543983459473, 0.0],
       [42.97543983459473, 44.428906536102296, 1.0], [44.428906536102296, 45.88237323760986, 0.0],
       [45.88237323760986, 47.335839939117434, 0.0], [47.335839939117434, 48.789306640625, 2.0]]],
     [1618682945.031389, 2235700,
      [[-0.20332679152488708, 1.374830111861229, 1.0], [1.374830111861229, 2.952987015247345, 0.0],
       [2.952987015247345, 4.531143918633461, 1.0], [4.531143918633461, 6.109300822019577, 11.0],
       [6.109300822019577, 7.687457725405693, 65.0], [7.687457725405693, 9.265614628791809, 290.0],
       [9.265614628791809, 10.843771532177925, 513.0], [10.843771532177925, 12.421928435564041, 461.0],
       [12.421928435564041, 14.000085338950157, 300.0], [14.000085338950157, 15.578242242336273, 140.0],
       [15.578242242336273, 17.15639914572239, 89.0], [17.15639914572239, 18.734556049108505, 59.0],
       [18.734556049108505, 20.31271295249462, 32.0], [20.31271295249462, 21.890869855880737, 21.0],
       [21.890869855880737, 23.469026759266853, 10.0], [23.469026759266853, 25.04718366265297, 9.0],
       [25.04718366265297, 26.625340566039085, 5.0], [26.625340566039085, 28.2034974694252, 6.0],
       [28.2034974694252, 29.781654372811317, 7.0], [29.781654372811317, 31.359811276197433, 4.0],
       [31.359811276197433, 32.93796817958355, 6.0], [32.93796817958355, 34.516125082969666, 6.0],
       [34.516125082969666, 36.09428198635578, 4.0], [36.09428198635578, 37.6724388897419, 1.0],
       [37.6724388897419, 39.250595793128014, 1.0], [39.250595793128014, 40.82875269651413, 3.0],
       [40.82875269651413, 42.406909599900246, 1.0], [42.406909599900246, 43.98506650328636, 1.0],
       [43.98506650328636, 45.56322340667248, 0.0], [45.56322340667248, 47.141380310058594, 1.0]]],
     [1618683114.850059, 2251100,
      [[5.726315975189209, 6.982053359349568, 12.0], [6.982053359349568, 8.237790743509928, 60.0],
       [8.237790743509928, 9.493528127670288, 212.0], [9.493528127670288, 10.749265511830647, 368.0],
       [10.749265511830647, 12.005002895991007, 395.0], [12.005002895991007, 13.260740280151367, 348.0],
       [13.260740280151367, 14.516477664311726, 235.0], [14.516477664311726, 15.772215048472086, 141.0],
       [15.772215048472086, 17.027952432632446, 84.0], [17.027952432632446, 18.283689816792805, 48.0],
       [18.283689816792805, 19.539427200953163, 36.0], [19.539427200953163, 20.795164585113525, 22.0],
       [20.795164585113525, 22.050901969273884, 16.0], [22.050901969273884, 23.306639353434242, 21.0],
       [23.306639353434242, 24.562376737594604, 8.0], [24.562376737594604, 25.818114121754963, 5.0],
       [25.818114121754963, 27.07385150591532, 2.0], [27.07385150591532, 28.329588890075684, 5.0],
       [28.329588890075684, 29.585326274236042, 7.0], [29.585326274236042, 30.8410636583964, 3.0],
       [30.8410636583964, 32.09680104255676, 6.0], [32.09680104255676, 33.35253842671712, 4.0],
       [33.35253842671712, 34.60827581087748, 1.0], [34.60827581087748, 35.86401319503784, 3.0],
       [35.86401319503784, 37.1197505791982, 2.0], [37.1197505791982, 38.37548796335856, 0.0],
       [38.37548796335856, 39.63122534751892, 0.0], [39.63122534751892, 40.886962731679276, 1.0],
       [40.886962731679276, 42.14270011583964, 2.0], [42.14270011583964, 43.3984375, 1.0]]],
     [1618684525.531742, 2374100,
      [[4.420967102050781, 5.81340815226237, 2.0], [5.81340815226237, 7.205849202473958, 25.0],
       [7.205849202473958, 8.598290252685548, 200.0], [8.598290252685548, 9.990731302897135, 341.0],
       [9.990731302897135, 11.383172353108723, 446.0], [11.383172353108723, 12.775613403320312, 379.0],
       [12.775613403320312, 14.168054453531902, 246.0], [14.168054453531902, 15.560495503743489, 138.0],
       [15.560495503743489, 16.952936553955077, 63.0], [16.952936553955077, 18.345377604166664, 59.0],
       [18.345377604166664, 19.737818654378255, 42.0], [19.737818654378255, 21.130259704589843, 23.0],
       [21.130259704589843, 22.52270075480143, 13.0], [22.52270075480143, 23.915141805013022, 14.0],
       [23.915141805013022, 25.30758285522461, 8.0], [25.30758285522461, 26.700023905436197, 3.0],
       [26.700023905436197, 28.092464955647785, 8.0], [28.092464955647785, 29.484906005859372, 7.0],
       [29.484906005859372, 30.877347056070963, 5.0], [30.877347056070963, 32.26978810628255, 3.0],
       [32.26978810628255, 33.662229156494135, 5.0], [33.662229156494135, 35.05467020670573, 1.0],
       [35.05467020670573, 36.44711125691732, 3.0], [36.44711125691732, 37.839552307128905, 4.0],
       [37.839552307128905, 39.23199335734049, 2.0], [39.23199335734049, 40.62443440755208, 3.0],
       [40.62443440755208, 42.01687545776367, 3.0], [42.01687545776367, 43.40931650797526, 0.0],
       [43.40931650797526, 44.80175755818685, 0.0], [44.80175755818685, 46.19419860839844, 2.0]]],
     [1618685261.552882, 2437200,
      [[3.815075159072876, 5.293199133872986, 5.0], [5.293199133872986, 6.771323108673096, 13.0],
       [6.771323108673096, 8.249447083473205, 72.0], [8.249447083473205, 9.727571058273316, 311.0],
       [9.727571058273316, 11.205695033073425, 489.0], [11.205695033073425, 12.683819007873534, 416.0],
       [12.683819007873534, 14.161942982673645, 291.0], [14.161942982673645, 15.640066957473755, 133.0],
       [15.640066957473755, 17.118190932273862, 94.0], [17.118190932273862, 18.596314907073975, 58.0],
       [18.596314907073975, 20.074438881874084, 36.0], [20.074438881874084, 21.552562856674193, 30.0],
       [21.552562856674193, 23.030686831474302, 20.0], [23.030686831474302, 24.508810806274415, 13.0],
       [24.508810806274415, 25.986934781074524, 16.0], [25.986934781074524, 27.465058755874633, 8.0],
       [27.465058755874633, 28.943182730674742, 5.0], [28.943182730674742, 30.42130670547485, 5.0],
       [30.42130670547485, 31.899430680274964, 3.0], [31.899430680274964, 33.37755465507507, 3.0],
       [33.37755465507507, 34.855678629875186, 6.0], [34.855678629875186, 36.33380260467529, 11.0],
       [36.33380260467529, 37.811926579475404, 6.0], [37.811926579475404, 39.29005055427551, 0.0],
       [39.29005055427551, 40.76817452907562, 0.0], [40.76817452907562, 42.24629850387573, 0.0],
       [42.24629850387573, 43.72442247867584, 2.0], [43.72442247867584, 45.202546453475954, 0.0],
       [45.202546453475954, 46.68067042827606, 0.0], [46.68067042827606, 48.15879440307617, 2.0]]],
     [1618685521.284816, 2458700,
      [[3.8091249465942383, 5.440965429941813, 5.0], [5.440965429941813, 7.072805913289388, 28.0],
       [7.072805913289388, 8.704646396636964, 184.0], [8.704646396636964, 10.336486879984538, 442.0],
       [10.336486879984538, 11.968327363332111, 521.0], [11.968327363332111, 13.600167846679687, 345.0],
       [13.600167846679687, 15.232008330027263, 182.0], [15.232008330027263, 16.863848813374837, 107.0],
       [16.863848813374837, 18.49568929672241, 75.0], [18.49568929672241, 20.127529780069985, 37.0],
       [20.127529780069985, 21.759370263417562, 26.0], [21.759370263417562, 23.391210746765136, 26.0],
       [23.391210746765136, 25.02305123011271, 8.0], [25.02305123011271, 26.654891713460287, 5.0],
       [26.654891713460287, 28.28673219680786, 10.0], [28.28673219680786, 29.918572680155435, 2.0],
       [29.918572680155435, 31.55041316350301, 6.0], [31.55041316350301, 33.18225364685058, 7.0],
       [33.18225364685058, 34.81409413019816, 7.0], [34.81409413019816, 36.44593461354573, 5.0],
       [36.44593461354573, 38.07777509689331, 6.0], [38.07777509689331, 39.709615580240886, 1.0],
       [39.709615580240886, 41.34145606358846, 2.0], [41.34145606358846, 42.973296546936034, 4.0],
       [42.973296546936034, 44.60513703028361, 1.0], [44.60513703028361, 46.23697751363118, 0.0],
       [46.23697751363118, 47.868817996978756, 1.0], [47.868817996978756, 49.50065848032634, 1.0],
       [49.50065848032634, 51.13249896367391, 2.0], [51.13249896367391, 52.764339447021484, 2.0]]],
     [1618686499.046102, 2540500,
      [[4.707752227783203, 6.363329188028971, 15.0], [6.363329188028971, 8.01890614827474, 121.0],
       [8.01890614827474, 9.674483108520509, 418.0], [9.674483108520509, 11.330060068766276, 504.0],
       [11.330060068766276, 12.985637029012043, 418.0], [12.985637029012043, 14.641213989257812, 215.0],
       [14.641213989257812, 16.29679094950358, 122.0], [16.29679094950358, 17.95236790974935, 66.0],
       [17.95236790974935, 19.607944869995116, 36.0], [19.607944869995116, 21.263521830240883, 32.0],
       [21.263521830240883, 22.919098790486654, 20.0], [22.919098790486654, 24.57467575073242, 14.0],
       [24.57467575073242, 26.23025271097819, 11.0], [26.23025271097819, 27.88582967122396, 9.0],
       [27.88582967122396, 29.541406631469727, 5.0], [29.541406631469727, 31.196983591715494, 9.0],
       [31.196983591715494, 32.85256055196126, 4.0], [32.85256055196126, 34.50813751220703, 6.0],
       [34.50813751220703, 36.163714472452796, 3.0], [36.163714472452796, 37.81929143269856, 7.0],
       [37.81929143269856, 39.47486839294434, 6.0], [39.47486839294434, 41.130445353190105, 0.0],
       [41.130445353190105, 42.78602231343587, 1.0], [42.78602231343587, 44.44159927368164, 0.0],
       [44.44159927368164, 46.09717623392741, 1.0], [46.09717623392741, 47.752753194173174, 1.0],
       [47.752753194173174, 49.40833015441894, 2.0], [49.40833015441894, 51.063907114664715, 0.0],
       [51.063907114664715, 52.71948407491048, 1.0], [52.71948407491048, 54.37506103515625, 1.0]]],
     [1618687123.475035, 2592700,
      [[-4.536614418029785, -3.229967657725016, 2.0], [-3.229967657725016, -1.9233208974202474, 1.0],
       [-1.9233208974202474, -0.6166741371154787, 29.0], [-0.6166741371154787, 0.6899726231892904, 106.0],
       [0.6899726231892904, 1.9966193834940595, 85.0], [1.9966193834940595, 3.3032661437988278, 106.0],
       [3.3032661437988278, 4.609912904103597, 180.0], [4.609912904103597, 5.916559664408366, 274.0],
       [5.916559664408366, 7.223206424713135, 333.0], [7.223206424713135, 8.529853185017904, 307.0],
       [8.529853185017904, 9.836499945322673, 257.0], [9.836499945322673, 11.14314670562744, 162.0],
       [11.14314670562744, 12.44979346593221, 79.0], [12.44979346593221, 13.756440226236979, 37.0],
       [13.756440226236979, 15.063086986541748, 26.0], [15.063086986541748, 16.369733746846517, 20.0],
       [16.369733746846517, 17.676380507151286, 9.0], [17.676380507151286, 18.983027267456055, 11.0],
       [18.983027267456055, 20.289674027760825, 5.0], [20.289674027760825, 21.596320788065594, 7.0],
       [21.596320788065594, 22.902967548370363, 2.0], [22.902967548370363, 24.209614308675132, 1.0],
       [24.209614308675132, 25.5162610689799, 2.0], [25.5162610689799, 26.822907829284667, 2.0],
       [26.822907829284667, 28.12955458958944, 4.0], [28.12955458958944, 29.436201349894205, 0.0],
       [29.436201349894205, 30.742848110198977, 0.0], [30.742848110198977, 32.04949487050374, 0.0],
       [32.04949487050374, 33.356141630808516, 0.0], [33.356141630808516, 34.66278839111328, 1.0]]],
     [1618687612.112187, 2631400,
      [[-1.0161430835723877, -0.0004137118657430161, 1.0], [-0.0004137118657430161, 1.0153156598409017, 30.0],
       [1.0153156598409017, 2.0310450315475466, 37.0], [2.0310450315475466, 3.046774403254191, 51.0],
       [3.046774403254191, 4.0625037749608355, 74.0], [4.0625037749608355, 5.078233146667481, 131.0],
       [5.078233146667481, 6.093962518374125, 204.0], [6.093962518374125, 7.10969189008077, 293.0],
       [7.10969189008077, 8.125421261787414, 311.0], [8.125421261787414, 9.141150633494059, 263.0],
       [9.141150633494059, 10.156880005200703, 207.0], [10.156880005200703, 11.17260937690735, 152.0],
       [11.17260937690735, 12.188338748613994, 98.0], [12.188338748613994, 13.204068120320638, 60.0],
       [13.204068120320638, 14.219797492027283, 35.0], [14.219797492027283, 15.235526863733927, 27.0],
       [15.235526863733927, 16.25125623544057, 18.0], [16.25125623544057, 17.266985607147216, 10.0],
       [17.266985607147216, 18.28271497885386, 7.0], [18.28271497885386, 19.298444350560505, 9.0],
       [19.298444350560505, 20.31417372226715, 7.0], [20.31417372226715, 21.329903093973794, 4.0],
       [21.329903093973794, 22.34563246568044, 3.0], [22.34563246568044, 23.361361837387086, 3.0],
       [23.361361837387086, 24.37709120909373, 4.0], [24.37709120909373, 25.392820580800375, 4.0],
       [25.392820580800375, 26.40854995250702, 3.0], [26.40854995250702, 27.424279324213664, 0.0],
       [27.424279324213664, 28.44000869592031, 0.0], [28.44000869592031, 29.455738067626953, 2.0]]],
     [1618688804.953684, 2732400,
      [[-0.2944788336753845, 0.762459001938502, 49.0], [0.762459001938502, 1.8193968375523886, 66.0],
       [1.8193968375523886, 2.876334673166275, 64.0], [2.876334673166275, 3.9332725087801617, 100.0],
       [3.9332725087801617, 4.990210344394049, 155.0], [4.990210344394049, 6.047148180007935, 280.0],
       [6.047148180007935, 7.104086015621821, 359.0], [7.104086015621821, 8.161023851235708, 312.0],
       [8.161023851235708, 9.217961686849595, 241.0], [9.217961686849595, 10.274899522463482, 158.0],
       [10.274899522463482, 11.331837358077367, 101.0], [11.331837358077367, 12.388775193691254, 49.0],
       [12.388775193691254, 13.445713029305141, 39.0], [13.445713029305141, 14.502650864919026, 18.0],
       [14.502650864919026, 15.559588700532913, 18.0], [15.559588700532913, 16.6165265361468, 10.0],
       [16.6165265361468, 17.673464371760687, 7.0], [17.673464371760687, 18.730402207374574, 7.0],
       [18.730402207374574, 19.78734004298846, 0.0], [19.78734004298846, 20.844277878602348, 1.0],
       [20.844277878602348, 21.90121571421623, 2.0], [21.90121571421623, 22.95815354983012, 3.0],
       [22.95815354983012, 24.015091385444006, 3.0], [24.015091385444006, 25.072029221057893, 2.0],
       [25.072029221057893, 26.12896705667178, 3.0], [26.12896705667178, 27.185904892285667, 0.0],
       [27.185904892285667, 28.242842727899554, 0.0], [28.242842727899554, 29.299780563513437, 0.0],
       [29.299780563513437, 30.356718399127324, 0.0], [30.356718399127324, 31.41365623474121, 1.0]]],
     [1618688856.975214, 2736800,
      [[0.21482403576374054, 1.4381266439954439, 94.0], [1.4381266439954439, 2.661429252227147, 67.0],
       [2.661429252227147, 3.8847318604588503, 97.0], [3.8847318604588503, 5.108034468690554, 184.0],
       [5.108034468690554, 6.3313370769222574, 337.0], [6.3313370769222574, 7.55463968515396, 394.0],
       [7.55463968515396, 8.777942293385664, 356.0], [8.777942293385664, 10.001244901617367, 216.0],
       [10.001244901617367, 11.22454750984907, 115.0], [11.22454750984907, 12.447850118080774, 65.0],
       [12.447850118080774, 13.671152726312478, 38.0], [13.671152726312478, 14.89445533454418, 24.0],
       [14.89445533454418, 16.11775794277588, 20.0], [16.11775794277588, 17.341060551007587, 8.0],
       [17.341060551007587, 18.564363159239292, 5.0], [18.564363159239292, 19.787665767470994, 6.0],
       [19.787665767470994, 21.010968375702696, 1.0], [21.010968375702696, 22.2342709839344, 4.0],
       [22.2342709839344, 23.457573592166103, 4.0], [23.457573592166103, 24.680876200397808, 2.0],
       [24.680876200397808, 25.90417880862951, 2.0], [25.90417880862951, 27.127481416861215, 5.0],
       [27.127481416861215, 28.350784025092917, 1.0], [28.350784025092917, 29.57408663332462, 1.0],
       [29.57408663332462, 30.797389241556324, 0.0], [30.797389241556324, 32.02069184978802, 1.0],
       [32.02069184978802, 33.24399445801973, 0.0], [33.24399445801973, 34.46729706625143, 0.0],
       [34.46729706625143, 35.69059967448314, 0.0], [35.69059967448314, 36.913902282714844, 1.0]]],
     [1618689351.797728, 2776900,
      [[0.17857353389263153, 1.1062279934684436, 69.0], [1.1062279934684436, 2.0338824530442556, 91.0],
       [2.0338824530442556, 2.9615369126200677, 53.0], [2.9615369126200677, 3.8891913721958797, 79.0],
       [3.8891913721958797, 4.816845831771692, 136.0], [4.816845831771692, 5.744500291347504, 194.0],
       [5.744500291347504, 6.6721547509233154, 291.0], [6.6721547509233154, 7.599809210499128, 319.0],
       [7.599809210499128, 8.52746367007494, 271.0], [8.52746367007494, 9.455118129650753, 207.0],
       [9.455118129650753, 10.382772589226564, 112.0], [10.382772589226564, 11.310427048802376, 81.0],
       [11.310427048802376, 12.238081508378189, 39.0], [12.238081508378189, 13.165735967954, 31.0],
       [13.165735967954, 14.093390427529812, 15.0], [14.093390427529812, 15.021044887105624, 14.0],
       [15.021044887105624, 15.948699346681437, 10.0], [15.948699346681437, 16.87635380625725, 8.0],
       [16.87635380625725, 17.804008265833062, 10.0], [17.804008265833062, 18.731662725408874, 7.0],
       [18.731662725408874, 19.659317184984683, 3.0], [19.659317184984683, 20.586971644560496, 1.0],
       [20.586971644560496, 21.51462610413631, 0.0], [21.51462610413631, 22.44228056371212, 1.0],
       [22.44228056371212, 23.369935023287933, 2.0], [23.369935023287933, 24.297589482863746, 1.0],
       [24.297589482863746, 25.22524394243956, 2.0], [25.22524394243956, 26.152898402015367, 0.0],
       [26.152898402015367, 27.08055286159118, 0.0], [27.08055286159118, 28.008207321166992, 1.0]]],
     [1618689362.584046, 2777700,
      [[0.07688659429550171, 1.0428930819034576, 73.0], [1.0428930819034576, 2.0088995695114136, 76.0],
       [2.0088995695114136, 2.9749060571193695, 77.0], [2.9749060571193695, 3.9409125447273254, 105.0],
       [3.9409125447273254, 4.906919032335281, 149.0], [4.906919032335281, 5.872925519943237, 247.0],
       [5.872925519943237, 6.838932007551193, 325.0], [6.838932007551193, 7.804938495159149, 301.0],
       [7.804938495159149, 8.770944982767105, 249.0], [8.770944982767105, 9.736951470375061, 154.0],
       [9.736951470375061, 10.702957957983017, 105.0], [10.702957957983017, 11.668964445590973, 68.0],
       [11.668964445590973, 12.634970933198929, 38.0], [12.634970933198929, 13.600977420806885, 24.0],
       [13.600977420806885, 14.56698390841484, 12.0], [14.56698390841484, 15.532990396022797, 5.0],
       [15.532990396022797, 16.498996883630753, 8.0], [16.498996883630753, 17.46500337123871, 13.0],
       [17.46500337123871, 18.431009858846664, 5.0], [18.431009858846664, 19.39701634645462, 4.0],
       [19.39701634645462, 20.363022834062576, 3.0], [20.363022834062576, 21.329029321670532, 0.0],
       [21.329029321670532, 22.295035809278488, 2.0], [22.295035809278488, 23.261042296886444, 1.0],
       [23.261042296886444, 24.2270487844944, 0.0], [24.2270487844944, 25.193055272102356, 2.0],
       [25.193055272102356, 26.159061759710312, 0.0], [26.159061759710312, 27.125068247318268, 0.0],
       [27.125068247318268, 28.091074734926224, 1.0], [28.091074734926224, 29.05708122253418, 1.0]]],
     [1618689547.679268, 2794600,
      [[0.9127821922302246, 1.9729915459950764, 94.0], [1.9729915459950764, 3.0332008997599282, 97.0],
       [3.0332008997599282, 4.09341025352478, 112.0], [4.09341025352478, 5.153619607289632, 119.0],
       [5.153619607289632, 6.2138289610544835, 223.0], [6.2138289610544835, 7.274038314819336, 364.0],
       [7.274038314819336, 8.334247668584187, 385.0], [8.334247668584187, 9.39445702234904, 252.0],
       [9.39445702234904, 10.454666376113892, 163.0], [10.454666376113892, 11.514875729878742, 107.0],
       [11.514875729878742, 12.575085083643595, 50.0], [12.575085083643595, 13.635294437408447, 28.0],
       [13.635294437408447, 14.695503791173298, 16.0], [14.695503791173298, 15.75571314493815, 6.0],
       [15.75571314493815, 16.815922498703003, 7.0], [16.815922498703003, 17.876131852467854, 5.0],
       [17.876131852467854, 18.936341206232704, 2.0], [18.936341206232704, 19.99655055999756, 1.0],
       [19.99655055999756, 21.05675991376241, 5.0], [21.05675991376241, 22.11696926752726, 3.0],
       [22.11696926752726, 23.177178621292114, 0.0], [23.177178621292114, 24.237387975056965, 1.0],
       [24.237387975056965, 25.297597328821816, 1.0], [25.297597328821816, 26.35780668258667, 4.0],
       [26.35780668258667, 27.41801603635152, 1.0], [27.41801603635152, 28.47822539011637, 0.0],
       [28.47822539011637, 29.538434743881222, 0.0], [29.538434743881222, 30.598644097646076, 0.0],
       [30.598644097646076, 31.658853451410927, 0.0], [31.658853451410927, 32.71906280517578, 2.0]]],
     [1618689640.867357, 2802900,
      [[0.5288950800895691, 1.3761065781116486, 25.0], [1.3761065781116486, 2.223318076133728, 69.0],
       [2.223318076133728, 3.070529574155808, 81.0], [3.070529574155808, 3.917741072177887, 90.0],
       [3.917741072177887, 4.764952570199966, 82.0], [4.764952570199966, 5.612164068222047, 188.0],
       [5.612164068222047, 6.459375566244126, 227.0], [6.459375566244126, 7.306587064266205, 299.0],
       [7.306587064266205, 8.153798562288284, 275.0], [8.153798562288284, 9.001010060310364, 227.0],
       [9.001010060310364, 9.848221558332444, 148.0], [9.848221558332444, 10.695433056354524, 101.0],
       [10.695433056354524, 11.542644554376603, 61.0], [11.542644554376603, 12.389856052398683, 51.0],
       [12.389856052398683, 13.237067550420761, 25.0], [13.237067550420761, 14.084279048442841, 31.0],
       [14.084279048442841, 14.931490546464921, 14.0], [14.931490546464921, 15.778702044487, 8.0],
       [15.778702044487, 16.62591354250908, 8.0], [16.62591354250908, 17.47312504053116, 10.0],
       [17.47312504053116, 18.32033653855324, 5.0], [18.32033653855324, 19.16754803657532, 5.0],
       [19.16754803657532, 20.0147595345974, 4.0], [20.0147595345974, 20.86197103261948, 3.0],
       [20.86197103261948, 21.709182530641556, 3.0], [21.709182530641556, 22.556394028663636, 2.0],
       [22.556394028663636, 23.403605526685716, 0.0], [23.403605526685716, 24.250817024707796, 2.0],
       [24.250817024707796, 25.098028522729876, 0.0], [25.098028522729876, 25.945240020751953, 4.0]]],
     [1618690301.132836, 2858400,
      [[1.021864891052246, 1.9288002967834472, 16.0], [1.9288002967834472, 2.8357357025146483, 139.0],
       [2.8357357025146483, 3.7426711082458493, 94.0], [3.7426711082458493, 4.649606513977051, 89.0],
       [4.649606513977051, 5.556541919708252, 175.0], [5.556541919708252, 6.463477325439452, 223.0],
       [6.463477325439452, 7.370412731170654, 323.0], [7.370412731170654, 8.277348136901855, 302.0],
       [8.277348136901855, 9.184283542633056, 248.0], [9.184283542633056, 10.091218948364258, 135.0],
       [10.091218948364258, 10.998154354095458, 90.0], [10.998154354095458, 11.905089759826659, 65.0],
       [11.905089759826659, 12.812025165557861, 40.0], [12.812025165557861, 13.718960571289061, 26.0],
       [13.718960571289061, 14.625895977020264, 21.0], [14.625895977020264, 15.532831382751464, 9.0],
       [15.532831382751464, 16.439766788482665, 16.0], [16.439766788482665, 17.346702194213865, 8.0],
       [17.346702194213865, 18.25363759994507, 10.0], [18.25363759994507, 19.16057300567627, 3.0],
       [19.16057300567627, 20.06750841140747, 6.0], [20.06750841140747, 20.97444381713867, 3.0],
       [20.97444381713867, 21.88137922286987, 2.0], [21.88137922286987, 22.78831462860107, 4.0],
       [22.78831462860107, 23.695250034332275, 0.0], [23.695250034332275, 24.602185440063476, 0.0],
       [24.602185440063476, 25.509120845794676, 0.0], [25.509120845794676, 26.416056251525877, 0.0],
       [26.416056251525877, 27.322991657257077, 0.0], [27.322991657257077, 28.22992706298828, 1.0]]],
     [1618691755.155062, 2982200,
      [[-0.3571856915950775, 0.7264671971400578, 69.0], [0.7264671971400578, 1.8101200858751931, 96.0],
       [1.8101200858751931, 2.8937729746103287, 29.0], [2.8937729746103287, 3.9774258633454638, 37.0],
       [3.9774258633454638, 5.061078752080599, 96.0], [5.061078752080599, 6.144731640815735, 232.0],
       [6.144731640815735, 7.22838452955087, 334.0], [7.22838452955087, 8.312037418286005, 368.0],
       [8.312037418286005, 9.395690307021141, 299.0], [9.395690307021141, 10.479343195756275, 192.0],
       [10.479343195756275, 11.562996084491411, 106.0], [11.562996084491411, 12.646648973226547, 66.0],
       [12.646648973226547, 13.730301861961681, 30.0], [13.730301861961681, 14.813954750696817, 29.0],
       [14.813954750696817, 15.897607639431953, 21.0], [15.897607639431953, 16.981260528167088, 10.0],
       [16.981260528167088, 18.064913416902222, 8.0], [18.064913416902222, 19.14856630563736, 2.0],
       [19.14856630563736, 20.232219194372494, 7.0], [20.232219194372494, 21.315872083107628, 3.0],
       [21.315872083107628, 22.399524971842766, 4.0], [22.399524971842766, 23.4831778605779, 1.0],
       [23.4831778605779, 24.566830749313034, 3.0], [24.566830749313034, 25.650483638048172, 1.0],
       [25.650483638048172, 26.734136526783306, 1.0], [26.734136526783306, 27.81778941551844, 2.0],
       [27.81778941551844, 28.901442304253575, 0.0], [28.901442304253575, 29.985095192988712, 0.0],
       [29.985095192988712, 31.068748081723847, 0.0], [31.068748081723847, 32.152400970458984, 2.0]]],
     [1618691817.249754, 2987600,
      [[-0.693254828453064, 0.41327015956242885, 49.0], [0.41327015956242885, 1.5197951475779217, 113.0],
       [1.5197951475779217, 2.6263201355934145, 55.0], [2.6263201355934145, 3.7328451236089073, 41.0],
       [3.7328451236089073, 4.8393701116244, 72.0], [4.8393701116244, 5.945895099639893, 210.0],
       [5.945895099639893, 7.052420087655386, 365.0], [7.052420087655386, 8.158945075670879, 380.0],
       [8.158945075670879, 9.265470063686372, 295.0], [9.265470063686372, 10.371995051701864, 187.0],
       [10.371995051701864, 11.478520039717356, 106.0], [11.478520039717356, 12.58504502773285, 61.0],
       [12.58504502773285, 13.691570015748344, 33.0], [13.691570015748344, 14.798095003763835, 23.0],
       [14.798095003763835, 15.904619991779327, 14.0], [15.904619991779327, 17.01114497979482, 11.0],
       [17.01114497979482, 18.117669967810315, 7.0], [18.117669967810315, 19.22419495582581, 4.0],
       [19.22419495582581, 20.3307199438413, 5.0], [20.3307199438413, 21.437244931856792, 6.0],
       [21.437244931856792, 22.543769919872286, 1.0], [22.543769919872286, 23.650294907887776, 1.0],
       [23.650294907887776, 24.75681989590327, 2.0], [24.75681989590327, 25.863344883918764, 0.0],
       [25.863344883918764, 26.969869871934257, 0.0], [26.969869871934257, 28.07639485994975, 2.0],
       [28.07639485994975, 29.18291984796524, 0.0], [29.18291984796524, 30.289444835980735, 2.0],
       [30.289444835980735, 31.395969823996225, 1.0], [31.395969823996225, 32.50249481201172, 2.0]]],
     [1618691961.959947, 3000000,
      [[-0.32003316283226013, 0.8655651817719141, 95.0], [0.8655651817719141, 2.0511635263760883, 55.0],
       [2.0511635263760883, 3.2367618709802626, 33.0], [3.2367618709802626, 4.422360215584437, 57.0],
       [4.422360215584437, 5.607958560188611, 170.0], [5.607958560188611, 6.793556904792785, 384.0],
       [6.793556904792785, 7.97915524939696, 444.0], [7.97915524939696, 9.164753594001134, 328.0],
       [9.164753594001134, 10.350351938605307, 221.0], [10.350351938605307, 11.535950283209482, 99.0],
       [11.535950283209482, 12.721548627813657, 63.0], [12.721548627813657, 13.90714697241783, 31.0],
       [13.90714697241783, 15.092745317022004, 22.0], [15.092745317022004, 16.27834366162618, 17.0],
       [16.27834366162618, 17.463942006230354, 9.0], [17.463942006230354, 18.649540350834528, 3.0],
       [18.649540350834528, 19.8351386954387, 1.0], [19.8351386954387, 21.020737040042874, 2.0],
       [21.020737040042874, 22.20633538464705, 3.0], [22.20633538464705, 23.391933729251225, 4.0],
       [23.391933729251225, 24.577532073855398, 0.0], [24.577532073855398, 25.763130418459575, 0.0],
       [25.763130418459575, 26.948728763063748, 1.0], [26.948728763063748, 28.13432710766792, 3.0],
       [28.13432710766792, 29.319925452272095, 0.0], [29.319925452272095, 30.50552379687627, 0.0],
       [30.50552379687627, 31.69112214148044, 1.0], [31.69112214148044, 32.87672048608462, 1.0],
       [32.87672048608462, 34.062318830688795, 0.0], [34.062318830688795, 35.24791717529297, 1.0]]]]